64
1.6884966686
2.3696126266
2.2468402257
3.3123757335
5.7805118285
6.4923470332
3.0363443481
1.8058219735
3.0791450112
4.6631218084
2.1923688102
2.0268835684
5.2132766088
8.5174981068
8.6214107314
4.1772098343
3.2513371096
2.7078583789
2.4783409773
6.5393008801
4.0101607200
1.6727868962
5.6581004763
7.8955731268
2.5979166653
8.0228610234
2.8779617788
6.5417817909
7.2897905320
5.9678590801
9.1596168588
6.2791669830
11.8464905774
11.2952219102
11.5134172599
7.7094838997
7.7606037781
5.4290409835
9.2811528379
10.9954384633
7.4288570453
7.1652948299
1.8444687582
9.3024609647
12.4670733133
12.3499057891
15.0982884460
16.9852229305
15.0223950820
17.6736039901
15.8125556442
12.9597922051
13.7807285003
10.6722820427
10.1653578884
8.8211977078
5.1664345539
2.2516735998
2.6093501107
5.0546384638
8.4179419694
9.6134354421
13.2193542202
15.0088214727
0.0000000000
1.3243889157
4.1933928984
5.7333600096
8.8603048480
11.9893576559
8.2871770827
8.2546022315
8.7871547727
8.5281952956
4.8060804196
2.7147749446
1.9960463421
6.0623749472
6.6110357736
2.2909668265
2.4310106952
3.9946330244
5.5896609915
9.8024567329
10.9412722295
5.9719516073
11.7072220872
13.3979926108
10.7030433990
11.1685093455
7.4116347724
7.3488963797
7.1668552378
6.3066629052
10.2959523115
11.0165779623
13.0255269375
11.5096064659
11.6807858469
6.6272719123
9.7624062608
7.5616323635
9.7823760917
11.1047657337
7.0186639042
6.4417163862
2.3804129894
9.2998938166
11.7824843306
13.2111853367
14.7845196405
16.3046531089
16.2028069482
18.0420473616
17.7336009598
16.1460655889
17.0236406506
12.9034474463
14.3017910067
13.2443711062
11.5819357190
10.8072118051
12.7025295906
11.6552560675
14.2110577017
12.0066913427
15.6410425164
17.0463576461
0.0000000000
1.3327584177
2.9029269712
6.5353574501
8.4073140776
5.0054130699
4.8279044108
5.0314849697
6.8640439247
3.0355971406
2.4405261728
3.2827899720
7.3772749034
9.4332502352
5.2886485041
6.3554560025
7.5466181167
7.4006859142
12.9344534094
12.9158542110
8.0236381399
13.6771506170
14.4848721776
10.1769209980
11.0342969871
6.8652332080
6.9186476280
7.4602054261
5.3098355907
9.7390411746
9.5539521665
12.9032078570
11.6593535841
11.9869010591
7.5469772757
11.5258518557
10.3213746178
12.9904779743
15.0689899794
11.1417352778
10.2342306990
5.3123382799
11.3661308720
13.0530809390
14.2764414684
15.6571114194
16.9673847720
16.1340945206
18.3766264042
17.4934946766
15.3050415223
16.2190394907
12.3808227110
12.9959309401
11.8389432805
9.0931637509
7.5018431735
9.9108210053
9.8287636557
13.1227803075
11.3161619819
14.9176066445
16.6290533104
0.0000000000
1.3326087198
4.4682643163
5.9775256587
2.2590028774
4.4961757083
6.1764411274
6.9362983644
2.9259853041
3.5865886299
2.0615542680
5.2228507541
9.0884274217
6.5113465581
9.2826238747
10.2303433960
11.7840701797
16.2325368011
16.3780722309
11.2474111243
16.4020735579
16.3939135047
13.1637958431
11.5685606711
7.3206677974
5.0452073297
4.3911046446
2.0398622503
5.7470455888
6.4296258834
8.8763592199
9.0304133903
10.2820994452
6.9706048518
11.7143693386
12.6006633556
14.2449683046
17.3084505661
13.7103281507
12.1523656133
7.8597309114
11.4222436062
10.5328547412
13.0093388379
13.4655882159
13.9971337780
13.2184328118
14.8050533940
13.6242284919
11.2774513965
13.1030627717
9.6199375258
11.1210079130
11.3111040133
10.7966666615
9.7062983160
12.5213525228
12.0240999247
14.6000702053
10.8644147564
13.6786270510
14.1065111208
0.0000000000
1.3257360220
3.3753519816
2.2103051825
5.3256590203
7.1656101624
9.0292279847
5.7858842021
6.1251759975
4.0810344277
9.4892139822
12.4948062010
8.8441682481
10.9325752684
12.1463679345
12.5895313654
17.7291836529
18.0589383409
12.8539342226
18.5744722401
18.9596358087
15.1852948934
14.6497676091
10.2824924021
9.2537141732
9.3030822312
6.0268401339
9.9484674699
9.1777288585
13.5240985282
13.8204933704
14.7436357117
10.9489803635
15.4020988829
14.6686103977
17.0264009409
19.4423855532
15.5790430386
14.3970812667
9.7228819287
15.0440225339
15.4743182402
17.5113736183
18.3487754632
18.9916062775
17.9442785032
19.4166354964
18.1313729761
14.6209558511
17.0514367137
13.9027888210
14.2288923673
13.8776313901
12.7309123397
11.3014141151
14.2425961468
14.0252643825
17.0135369926
14.1291356777
17.2579526306
18.4394508324
0.0000000000
1.3274652538
2.6165140932
6.7328443469
9.0645077086
10.9624078559
7.9598869339
10.2196408939
6.2567531516
12.7724286649
15.9006658351
12.2975960659
14.6048900715
16.2281719550
15.7121417063
21.6874697464
22.0314127781
16.8916038907
22.7303742600
23.0111374990
18.9598615501
18.3663281850
14.0216878085
12.6040197556
11.3866330845
7.6367957940
10.4736754294
10.0769069659
14.4507349986
15.8915349164
17.8080429582
14.7931348267
19.3867460137
18.8594829728
21.1126607987
23.1707075421
19.2736132835
17.9304040390
13.8594439282
18.9405114239
17.9589972994
21.1191347597
20.8685514830
20.9643854906
19.0238030110
19.6643069799
18.3764598332
14.2108407563
17.3479031010
15.3279717510
15.5719980735
15.6210445553
15.5540972416
13.6453167424
16.9706844588
17.1755930611
20.4389253387
17.3272293515
19.5602761228
19.9708665060
0.0000000000
1.3346763653
4.4369523324
7.7655419000
8.4996952298
5.1876154445
10.5346630226
8.3870868602
13.0658493792
17.0718655981
14.7177025721
17.2609074211
17.9555271992
18.2316267239
23.7208062679
23.2002698907
18.3506386265
23.1080247966
22.4887116127
18.6140773610
16.7104386537
12.9311848258
10.5660051107
9.6195977567
7.2901819593
8.7492204796
6.3439062099
12.5420990269
13.9348184775
15.8005689138
14.5142132408
19.0613150910
19.7802738606
22.0692805954
25.2091263038
21.6945682372
20.1004271596
15.5456231139
19.3961007164
16.8763513237
19.8685517842
19.0432301094
19.2082556470
16.4774870353
17.5616617380
15.6473379845
11.2418933014
13.8188431498
11.8056491562
12.0089357563
12.3728731102
13.5119165554
12.9204686448
16.0386905326
15.9231154615
17.9948578766
14.8370482577
16.3294963793
16.8602498499
0.0000000000
1.3282612695
4.4338676119
5.6547724976
2.4921518814
6.1389204263
3.9483553538
8.6463877429
12.8926631074
10.9311273892
13.4546829766
13.8326351069
15.3148396335
19.8057307616
19.3332831666
14.4022610378
18.8462956838
18.3203129067
14.7615821984
12.9275597078
8.7990543810
6.9774862236
5.2909293135
2.5334555453
3.7356676779
4.8302797020
7.7721635340
9.4859637360
11.7807520982
10.1416458723
14.6820379376
15.4882603607
17.7186219837
21.0369671293
17.7180770401
15.8772487856
11.4966873925
15.0825792887
11.9027500184
15.5283005509
14.6737457045
14.4248997917
12.4420530862
12.9438813731
11.7892812758
7.9905539858
11.1087261196
9.0016896747
9.7879579076
10.2779973244
10.6773342179
9.4870352060
12.7214454367
12.5951604595
14.9464412487
11.4710566645
13.3494758699
13.6395020804
0.0000000000
1.3391807197
2.0510792281
1.8365821517
4.5855535108
8.2139898344
10.6157273420
13.9471118157
11.4751856630
13.0302651546
12.9163055864
13.7349318892
17.9997704708
16.7228600425
11.9194248603
16.6790022783
15.9780024096
11.6762169815
10.3490557540
6.2012516479
5.8321736085
6.7739869353
5.6129574201
8.1949492982
2.2835643192
10.7511693318
10.9272982937
11.4165313033
9.7783457701
13.5754203618
13.9168364580
16.9071316609
20.4699772838
17.3465482445
15.5985464387
10.4028723437
14.6773793982
14.2347742518
15.3713068410
15.6387250120
16.5305434272
13.3177522878
16.4286476924
13.9485677401
10.6264937303
10.1643098634
7.2561981092
5.8146904475
4.9511800614
5.2124433810
6.0386786634
8.5132671754
8.8758862093
10.5824224542
8.4479021064
9.8888237925
12.1557346960
0.0000000000
1.3450092936
2.5689583492
2.2725311879
9.1682998424
12.0431338114
14.3639987121
11.9060463211
12.4692787682
11.6907590002
11.8900930610
15.6206882691
13.4124841845
9.0918254493
13.8520667772
13.1109658302
8.0600957811
8.0638465387
3.4172916176
6.3251750964
9.1309655021
8.8356760353
11.7191915250
5.2591089549
13.5093643818
11.7114872241
11.2519522306
9.3264206425
11.7517478275
11.9437785478
15.5672418238
19.0033490206
16.4770697334
14.8833117282
8.5078546062
13.8914795828
14.7262386915
14.3560379283
16.0600030511
17.5925008171
14.8456529328
18.4750252233
16.5878231544
13.8542253843
13.3152849763
10.1745754703
8.6347557001
5.5929932952
4.0493760013
2.2606465889
5.5447481458
5.5760055595
9.2054150368
7.9364975902
11.1085887943
14.1143695219
0.0000000000
1.3359977545
3.7617668721
7.8437308087
9.1760477876
11.9139083008
11.1699329004
12.4515450045
11.2751105094
13.1019061972
15.7700303741
13.5780594342
9.3572742826
13.0496328684
11.4812076891
7.6073670872
5.5846558533
2.4374825128
1.9452979206
5.5852265845
6.9568531679
9.2354124434
1.9078757821
9.9196929892
7.3962211973
6.9904039225
5.9146246711
9.3930879374
10.7726111041
13.7550001818
17.5107431596
15.7806223895
13.2017589737
8.0839006055
11.2904778021
10.9336348028
10.6864263905
11.7736451450
13.2393669788
10.3653501629
14.3119801565
12.0070341883
9.3788360685
7.8325659269
4.9169572908
3.0592458221
2.0271492298
2.6408243031
2.8737017939
5.1967903556
4.4212471091
6.4193565877
4.0189732520
6.6070115786
9.1180826932
0.0000000000
1.3372811971
4.5407077642
6.6654561734
9.8200982174
7.8933690526
9.3385841004
9.0956407691
10.7989517084
14.6373327488
13.9414536186
8.9956515050
13.4552322165
12.6028248421
9.4381115696
7.2038466114
3.1303729810
2.1749471258
2.0840590203
2.1824669528
4.0836571844
2.6851893788
5.9511162818
6.5020213011
7.1091824424
5.2176455418
9.4027979347
10.2631803063
12.8175685682
16.4794329089
13.4981282036
11.4577616488
6.7723046299
10.4657680559
9.5438978934
10.8274898753
11.3302841094
11.7804005025
9.6024129259
11.8388917556
9.7267405640
6.8250103297
8.4037605868
5.3608803382
5.8885415851
6.0303877985
5.6948311652
5.2393066335
8.0823718054
7.2355689479
9.6410525359
6.0649539157
9.0084107921
9.9964163079
0.0000000000
1.3357443618
3.1180432967
6.2807662749
4.4598952903
5.5089818479
5.0621665322
6.3314702084
9.8938442984
8.8559342251
4.2274175332
9.2858664647
9.5156757511
5.6697178060
6.3080196575
2.6728432427
1.8632267710
2.2330385129
3.2907088902
6.0808687702
6.4942723996
8.2262138922
6.6251470172
7.0381646755
2.5121618180
6.3585416567
6.0053875812
8.9893386297
12.2761315568
9.2948444850
7.3549358257
2.7096475786
6.7368394667
7.9490427726
8.9975683382
10.5840710976
11.6094073061
11.0530805208
13.1478211883
12.7789740981
11.2856977631
11.5486049807
7.4450740762
8.9668617699
8.3776192919
5.5326214401
4.1200417474
5.8839970258
6.2856459493
9.2195547615
7.1973240166
10.4358548763
11.6322098073
0.0000000000
1.3330543875
3.2430886513
2.0315811576
5.5016167624
6.1771373629
9.3846032415
13.1567202980
14.2211933747
8.9850372286
13.0384011673
13.7190872510
11.0017888545
10.3327702481
6.5357602465
5.3173213181
3.7809303088
2.7257661308
5.8414205464
7.1734910608
8.7642256931
8.3516889909
9.0524002342
4.5793743022
8.0632351448
8.0044443905
8.8925492970
11.3044784488
8.3753710366
6.2018627041
2.5701077798
6.3003193570
7.8498736296
10.0988788487
11.4932767738
12.4193320674
12.6199845087
13.8963795645
13.7089738128
12.1454663970
13.7832303906
10.3141632235
12.7140773161
12.2735162036
11.6019836666
11.2292971285
13.3077971881
11.4885446424
13.7818290150
10.7730974654
14.0449853329
14.3023423606
0.0000000000
1.3223229560
2.5092887438
6.7490103719
7.3046940388
11.2099667261
13.6838380946
15.3177917795
11.0339609388
12.5837373622
12.8381141138
10.3869401173
9.3127397150
6.6300573904
5.3578593673
3.1398348683
3.2386900130
5.5570187151
6.7132314127
6.4626558008
5.2741597435
5.6671356080
1.6492674131
5.8359120967
7.5549724685
8.1084935716
11.0905747822
9.0286777548
5.5895889831
2.7417153390
3.5409981644
2.9352206050
6.1352526435
7.4249397304
7.8949523748
8.8883272329
10.1041651313
11.2379343743
10.4115135307
11.7266244077
8.6673363844
11.8198782143
12.2192373739
13.2896246373
13.9507437078
15.0298938120
12.1823707873
13.5057990878
9.6029236173
11.9667221911
10.9731416650
0.0000000000
1.3275202447
4.1345079514
6.8692568739
10.3666909860
12.7650265178
15.0272208342
10.9782254941
12.4388498263
12.8556634601
10.9903277476
10.7192247388
8.7595117444
8.8015739502
6.8693316997
7.5667558438
9.6154555794
10.9672138668
9.9356530737
9.0989912078
8.3135127353
4.3128441892
6.5108949462
6.9452817077
7.0669306633
8.0521155605
6.1953236396
2.5073890803
1.8051720140
3.8446101233
4.5671204276
8.3254629901
9.9946746320
10.6343496745
12.2197811355
12.8387526263
15.0224154183
14.7020453679
16.0135598166
12.5436092892
15.7464660480
15.2470644388
15.4259922533
15.8957015888
16.3922101621
13.9242129401
15.3501535171
12.4494280190
15.4843721539
14.6800621252
0.0000000000
1.3286722696
3.7851861249
7.1304323151
9.9038143662
11.8549967946
7.7701054690
11.4751342040
12.6547147340
11.2862664331
11.8622144223
8.6626352803
8.8900750278
7.4132660818
7.0055991178
10.0996337557
11.5549628299
12.0812852793
11.0009874557
10.5303244964
6.0573501632
7.3343478238
6.0983071422
6.5954524485
7.4095541701
4.0868949093
2.3895076899
1.8604682206
6.0575452124
7.7132075040
10.8084974904
12.4875277377
13.8687991189
14.7052630374
16.0674049243
17.0343230861
15.9984247350
17.4124667982
13.8132333651
16.3637585536
15.3911489500
14.0816793388
13.5730957780
14.7597752693
13.3217190332
15.5039351456
13.6861936637
16.9265128423
16.7067050611
0.0000000000
1.3325513123
4.5302672107
7.6816844507
9.5286465985
5.8359281181
10.5307604189
12.5242359448
10.9116595438
12.0818119916
9.2013939705
11.0442938208
10.5089518983
10.5870146878
13.9810130177
15.0260426593
16.2914582220
14.1370646529
13.0419319888
8.4419825278
8.5353711694
5.8002252542
7.1510327226
6.3598472466
2.4345857964
2.1059596387
3.0387660325
7.9592074982
10.8953293663
12.7292531203
15.5528868381
17.7839338168
18.5912777667
20.1700744669
20.9847751715
19.8371474764
20.6397948391
15.9689342788
18.1031601937
16.2570153472
14.4280008664
13.2600148190
14.1878570616
13.3794780915
15.4927922274
14.5987495697
18.2052327917
19.7239328228
0.0000000000
1.3187585071
3.7363474143
5.8980293319
2.6211665342
6.7310210964
8.6706846904
7.2222254880
9.1731101596
6.5906870659
10.0820298551
9.8008714919
11.1874308489
13.9898497490
14.4929749189
15.7179959919
12.7046182548
11.0693194913
6.8814657596
5.1719112521
2.0447126938
3.8549494160
5.6841722353
2.2241425314
3.2843332657
2.3035479157
5.5711354318
9.4006510945
9.5665055794
13.2356783355
16.4409248827
17.0954218725
19.0708029459
19.8778154987
18.9869532048
19.3174980523
14.3710991229
16.4924009471
14.3701424836
12.5218671930
11.2756982045
11.5953374681
10.6848206817
12.3986350862
12.4277545438
16.0694768428
17.8766831935
0.0000000000
1.3219810891
2.7290021986
1.9887875704
4.0489338103
7.8782011906
6.5369840905
10.6148754585
7.6293253961
12.9309119941
13.1542627692
14.1118628820
17.3612484862
17.6545711928
19.2122878128
16.0741553433
13.7951648776
10.1707688008
8.0054222874
3.5353329405
7.1748862012
8.1514073018
5.1039617945
6.6434266760
4.6087692500
9.6312232349
13.5714069278
12.6028284920
16.4977116595
20.1090768063
20.4304138480
22.7497496690
23.3161064503
22.3238703858
22.2106154350
17.1664019235
18.5142544003
16.1743839759
13.6395134077
11.1044352851
11.2180959614
11.6334501331
13.1142151119
14.1403369833
17.9390571101
20.3562809226
0.0000000000
1.3334020399
2.5395789021
2.0573140256
6.1878636055
5.9568616737
10.7518767664
8.9832401727
15.6445694092
16.1635711401
17.9692018743
20.6540740291
20.3843746532
21.4788538102
17.8847846227
14.5611882070
11.7140400375
8.1991300758
3.9848967364
6.5833198312
6.5392198311
4.9470517483
7.2370583803
7.8470653113
10.1783423994
14.0149773100
12.5501956558
17.0246074551
20.6639237562
21.6328160673
23.9661019150
25.2176130710
24.7508444704
24.0832466250
18.8386724851
19.4947206443
17.2729648584
15.1774605913
13.2837376517
11.7545015207
11.9421806216
13.1894694359
14.7081760256
18.5648543759
20.9110839748
0.0000000000
1.3295153252
2.5967106115
5.9598471457
2.1914518019
9.6247591658
7.1735253537
14.4255521905
16.4178462047
18.3961900947
21.0360539551
18.6946980184
21.8298968161
17.8802376662
14.3848066376
11.5893638307
9.1956082452
6.0816369507
9.4494231570
9.6731086007
7.7462188195
10.2008628557
6.9714229537
12.1621972521
15.9398550495
13.6443675192
17.8217744627
21.4644345139
21.2928240964
24.5184045770
25.1226888091
24.5356013580
22.8957719459
17.8532845437
17.7223007818
15.2330621019
12.5877987750
10.2566053838
8.6928904284
9.4875909482
11.1065570723
12.9566797444
17.1814792728
20.0688359652
0.0000000000
1.3301680345
3.3161317827
2.0754570581
6.1432026664
3.2269251618
9.9455550876
11.8284378089
13.5643215827
16.3587812810
14.3403815849
17.3400087947
13.4110811272
10.1903737419
7.1670296497
5.4580753018
2.7153684833
6.5191429651
8.3591719686
6.3432770710
7.6252717329
2.6896053614
8.1706221305
11.7444684426
9.9983232094
13.5682156159
17.1705635609
17.0030518143
20.0617239788
20.6921416243
20.1111009395
18.9950077915
13.7602381520
14.4427865386
11.8681678873
9.2177830306
7.3210074443
6.8384882832
6.8392714524
8.0691740593
9.7873605226
13.8175081328
16.4106153450
0.0000000000
1.3422969120
2.6104807986
5.8674849808
6.7032447367
12.0703578240
13.9235473569
16.2123593286
18.5382718990
17.0265897349
17.9165942634
14.2192698125
9.9152235477
7.5891865836
3.7981029475
3.1855167556
5.9666142828
7.6472276676
7.9024698671
8.2767823458
5.5661589090
8.2647224394
11.5351626777
8.1536754902
12.8513225779
16.5087246630
17.1784847993
20.0908626495
21.2961267370
21.1874184600
19.8518776442
14.6829132327
15.3915037927
13.5831553403
12.5240296231
11.2231328959
8.8296636969
8.5303252576
9.1272458606
10.5856555772
14.0584975015
16.1250546356
0.0000000000
1.3360217064
2.8641599117
6.3593007477
10.2010161259
12.4918613905
15.7176648075
17.5728259822
14.6836189681
15.7718027505
12.1513892621
7.1250716488
6.1936700752
2.5912533647
4.1733355964
5.6164593829
8.5448595658
9.3081414901
9.0359931386
5.8482330665
8.3378719707
10.6387798173
6.3217593279
10.6883302718
14.0704024818
14.1437065863
17.6261273682
18.6069858387
18.7867301306
16.5622155825
11.8322816481
11.8933497804
10.5650017037
10.1668699706
10.9051830338
7.3701957233
6.2624688422
5.7642281357
7.1228842473
9.8723748409
12.2289124210
0.0000000000
1.3308891765
2.6713936438
7.6398181261
9.9452233258
12.7751465745
14.8342846811
11.9064480850
13.9463785622
10.0771477611
5.9110906777
3.6959889069
2.6611865774
3.5401402515
6.8277692550
10.4922416099
10.5804579769
8.6855283662
3.0526208412
7.1159858066
8.8923727430
6.1888418949
9.7709437108
13.2720386151
12.9426719421
16.3255601742
17.0354649188
16.8544159792
15.0141282131
10.0151240631
10.2240705201
8.0246532012
6.1587279531
4.8511402783
2.7250607333
2.8015470726
3.8605302745
5.3967661613
9.0509162520
11.6171723754
0.0000000000
1.3228707420
4.6470203357
7.6607671940
10.8446767587
12.7022762133
8.5383147635
10.7850991187
7.2455378682
2.3795398715
2.4036890398
2.2407779899
4.7331891997
5.3110431179
10.9352096916
11.4754725393
9.2806369393
4.0088962321
6.6394611980
7.6033514979
2.8064903349
5.7438949329
9.6881943622
8.8384044375
12.8345569070
13.2064463426
13.3416428524
10.9760401785
6.2686226557
6.4753112666
4.5639366779
4.6975281798
7.2248153610
5.2303813436
2.3434670896
2.5102830518
2.0195308861
4.7895910055
6.7329670280
0.0000000000
1.3311145706
4.0409267501
7.3552725986
9.2262418676
6.6038399435
8.2180388171
4.1787469414
2.5417971988
1.8160897555
3.8467275703
5.0654908943
8.4796613140
12.1594380627
11.1665823330
8.8721450619
2.4968349966
6.6394268578
6.4334440232
5.5622494550
7.0215053941
9.2331208158
7.6062020746
11.1398900354
11.0885473350
10.6322326442
9.4499940741
4.2323984926
6.1787268915
4.1610799079
2.8939136131
2.7747486373
3.4580357141
2.9829508880
5.1137740466
2.3765510725
6.1787877452
7.8497916533
0.0000000000
1.3444575114
4.0260068306
5.6659816449
2.6804757040
5.4148980600
2.7562140701
2.6585204532
3.2141718996
7.3026501354
9.3989372804
11.9395782170
15.9201707905
14.0445647850
11.0884965167
6.5956105100
8.3021648382
6.8360085576
7.2637178497
7.1027366557
8.5209174389
6.3919275653
9.8188526825
8.3177533625
6.9946989928
6.0085231130
2.0411322838
3.2335693900
3.9066858077
5.8583057278
7.1907041380
8.5422222518
5.8246676300
6.9453192151
2.9540023697
4.6431103799
5.9878809273
0.0000000000
1.3182071157
3.1040323774
2.1773656101
4.5753691654
1.9826399068
3.6289268386
3.3436107728
7.7460755225
10.2438647492
11.4841982306
15.2379219384
13.1254346214
10.0123346428
5.5618446580
7.9695869404
4.8338772223
7.1834564104
6.6831137204
7.6011797111
6.5024433100
8.8300295016
8.4241848864
7.1476836108
8.0707338576
4.2796984707
7.3017395872
8.3853503803
9.9424985793
11.0821625146
12.5528865605
9.6647450561
10.2552691822
5.9137626770
7.8180000000
7.7061614958
0.0000000000
1.3273541351
2.5372995487
4.8869934520
5.8450225834
7.8910639967
5.4954309203
10.1237326614
12.2598680254
13.2960042494
16.7699843769
14.1389748921
11.3932634921
7.2520896299
9.7627947843
7.0527389006
10.3817995550
10.2995996524
10.5373160245
9.6510095845
10.6452929504
9.4488982427
6.3418393231
8.9678403755
6.9866585719
9.2170330910
10.0009474551
11.5241476041
11.6267714349
14.1642394077
12.3696761882
13.6739180559
9.5529060500
11.4421300902
11.2968546950
0.0000000000
1.3441339219
1.7065971991
4.0191837480
7.6898591014
7.2656315624
11.9997275386
14.7078793169
15.5908114927
19.1300950599
16.7942022734
13.8117682069
9.7266733265
11.3237622723
5.8704619920
10.6998327090
8.6586616171
7.4091405709
6.6551989452
6.7235434854
5.5497120646
2.7916781691
5.4689982629
5.4700670014
8.8521112171
10.6320412433
13.6705163765
14.3745092786
16.6622433364
14.4382722651
14.5622966595
10.1796242072
10.2505706183
9.2602328804
0.0000000000
1.3281370411
2.6593252904
5.9507836459
6.7991289148
11.1594947018
14.1601929718
15.4719217940
19.6229520970
17.7667693180
14.5863106713
10.2029492795
11.2933868259
6.7544714819
10.0153732831
7.2631190958
7.0292415665
3.3480527176
6.0051586990
3.5018910606
2.4379733387
2.9453974265
1.9666135869
2.5542836569
3.1368292909
6.2508333044
7.9571820389
9.8192129012
8.6266907908
8.7339931875
5.8900089983
6.5748513291
5.2709017255
0.0000000000
1.3433573612
4.5816901903
6.6560386868
10.8402305326
14.4439227359
13.8662073762
18.9683873326
18.2920515525
14.7554217832
10.9388574358
10.1004087541
4.2633541959
7.9912667957
4.3397306368
3.0622883600
1.9246121687
2.6204720949
2.3421434627
2.4634376387
3.2642663801
3.8472021002
7.9382922597
10.5256143764
13.4165655069
15.4386326791
16.9400420897
14.1297398065
13.1175434819
8.7999462498
8.1565646568
5.3579332769
0.0000000000
1.3137438868
3.6186377271
7.5549433486
10.9423399691
11.1503423266
16.0738700692
15.5879791185
11.9603158821
8.0005755418
7.2131826540
2.0517258589
5.3170662964
2.5259552648
2.8606971178
2.1939895168
4.4386396565
5.1756416993
4.9737336077
5.6864857337
3.5279776076
6.8827754576
8.6206881976
10.5149772230
12.8132082634
13.4247428653
10.3058028799
9.9084668340
5.5444150278
6.7564355247
4.4186655225
0.0000000000
1.3476991504
4.3207946028
7.5342722276
7.5413108940
12.8097345406
13.2289589915
9.2759163968
6.2840080363
3.9670346608
2.4371066862
1.8189738866
2.0265371943
3.9611749520
3.0751751170
6.3117912671
7.6683274578
8.2852083257
6.1709821747
2.9074383914
4.8345371030
6.4912202243
7.9802123405
11.2894276649
10.0658562477
6.9328575638
5.9354580278
2.4178378771
2.8732492060
3.0318395406
0.0000000000
1.3375892494
4.5593172735
6.0068352733
10.0800540673
9.2483743977
5.6272883345
2.4216533608
2.3185760716
2.1614858316
2.5875302897
4.4550185185
7.2348686927
7.5628206378
9.5880172611
10.5628703012
10.1596103272
10.2505655454
5.2735544939
8.2431090009
7.8293898230
9.1437929767
10.2275851500
9.5451707685
6.6803465479
7.2363977917
4.3420042607
7.2581884792
8.0547467372
0.0000000000
1.3328563313
2.5333525219
6.5293292917
6.7640260940
3.4321638947
2.5378502714
1.8978097903
3.9386551004
2.3378145778
6.1978689886
9.7622852857
10.8112476616
12.9952188900
14.6518964643
14.6524132142
14.2356475792
9.3096224413
11.7322725846
10.3980683783
10.5296364135
11.2498243986
9.5509449271
7.4601827055
7.7632328318
7.0655727298
9.3721960073
10.8853814357
0.0000000000
1.3159977204
4.2477921324
3.6821812829
2.6994571677
2.6755661083
3.5201906198
7.4271001744
5.9181316308
9.8390329809
13.4851915077
14.4693574840
16.7760020267
18.1598314419
17.9513415933
17.3413923893
12.1526998235
13.7461747770
12.1181891799
11.5377317528
11.1389624292
9.9220119935
8.5245172884
9.1056827311
9.1498457364
12.5005300688
14.3047559574
0.0000000000
1.3272332124
2.7323641778
2.0419848187
3.6677539449
2.5262339559
5.3067995063
2.5518412960
7.6980497530
10.8138424716
13.2981987878
15.2170538870
17.7812295694
18.2476301475
17.3514103461
13.3873457041
15.3649427269
14.7272891260
15.2725932965
15.2697450535
13.7127547196
12.1173637810
11.5531560190
10.8413896250
12.3545590775
13.4739880882
0.0000000000
1.3277932821
2.7077411250
6.6741047340
5.6091130315
9.9925751436
9.2672707957
13.7589756159
17.0377548990
18.8611337411
20.7326523629
22.9820598729
22.9781976012
23.1039297740
18.3896724006
20.7131937422
19.3562548289
18.7724153214
18.2018648220
16.6501917406
15.7163144216
16.0936477220
16.0409183341
18.7535873102
19.6386666808
0.0000000000
1.3300669156
4.4181489337
6.2969762585
10.1781855947
10.3595257613
14.7201438172
17.8637546165
19.0563666264
20.8345944285
22.4890119614
21.9487433353
22.7215461842
17.8758341903
20.4351455096
18.7476358510
17.5511125004
16.3569231214
16.0492389851
15.2761090923
16.1276512859
16.0316466403
19.2371521801
20.2467424046
0.0000000000
1.3339284089
2.9258730321
6.4100989072
7.1651708982
10.8098045311
13.9705008500
15.1736549981
17.0216743007
18.8231969123
18.4654251237
19.1291714666
14.3815697683
17.1789204841
15.8545116923
15.4746849402
15.3544725080
14.9134556693
13.0844287991
14.0744373245
12.7046546195
15.8736437531
16.3159422345
0.0000000000
1.3191914190
4.0141945643
6.3686781203
8.8568981591
11.2870228581
12.1318402149
14.0084060835
14.9974639523
14.2828514660
15.0479567051
10.0513960722
11.7850848109
9.9296935502
8.5559988897
7.8124523039
7.6486943330
6.4404204832
7.8176616069
7.4122964053
11.0012463385
13.0904622149
0.0000000000
1.3244368615
2.6247077933
5.2370530836
8.5902830570
9.9458373705
11.9011898985
14.0439679222
14.2224206800
14.2990111546
10.1690522666
13.1355098493
12.8575452556
13.7539798967
14.4129388051
13.6684761770
11.3024247841
11.7374421830
9.0382862314
11.1516271907
10.9425804087
0.0000000000
1.3323828279
2.7180643848
2.9157100336
4.9120326750
5.7675076940
8.3650904956
8.6395254499
9.3639200125
7.2156123094
10.7669323858
12.3693785212
13.7638518591
15.5893835029
14.9665230765
11.9391099752
12.2563718122
8.6214145591
9.5250869287
7.2247152193
0.0000000000
1.3321039749
4.4738509139
7.1553689632
9.0837387127
11.7564886339
12.3516829623
11.2383455188
8.2245638182
10.3074321244
10.7938391687
11.9989709975
14.5964304198
12.2414961095
9.7669693355
8.8507699665
6.6505226110
6.8457237017
7.2598089507
0.0000000000
1.3280606161
3.1957393511
5.3674671867
7.9065128850
9.0534424944
6.9538931542
6.1702439174
7.7300469598
10.8326278437
12.6486578339
16.2327997277
15.0589705491
11.9967571452
9.4032107814
6.3321605318
4.7312058717
2.7427207295
0.0000000000
1.3332659150
2.0806597511
5.5661129166
7.5895111832
7.1317797919
6.8630740926
10.1291141271
13.5154342882
15.5895858187
18.5217149854
18.2809074994
15.1343647703
13.4471862112
10.1021429410
8.5491525896
4.2579786284
0.0000000000
1.3328480784
2.2237493114
4.2716073087
2.6754223966
2.9214328676
5.8899308994
9.3774398425
12.0742462291
15.4820581965
15.7600921634
12.7275997344
10.2322966142
6.7760364521
4.8825092934
2.0066870708
0.0000000000
1.3244028843
4.2592217599
5.1612434548
6.8774031436
10.3478827303
13.8983081704
16.6325630617
19.6986871136
20.1034188386
16.9753613511
14.9883428704
11.2788553497
9.6058608672
5.6279874733
0.0000000000
1.3304378978
2.0008385742
4.0562573883
7.5572548587
11.8165063365
15.1279843998
18.0314824127
19.0593490445
16.3475049472
14.0671027579
10.4228235138
8.2778598079
4.9629617166
0.0000000000
1.3312588028
3.0653843152
6.7022393273
9.5136151909
13.1714313953
15.7405197500
17.1560528677
15.0758756296
13.3801710378
9.9250080605
7.8880761913
5.8066477420
0.0000000000
1.3273842699
2.8221146327
6.9038578346
10.4462219965
13.6355221756
14.6531453620
11.9714520840
9.5441279853
7.2814301480
4.2588824825
1.2785843734
0.0000000000
1.3384401369
4.6042528167
7.6495288090
10.7983323249
11.4869879429
8.5594909895
7.1242264141
2.7496096087
2.3015935784
2.2156470838
0.0000000000
1.3325967132
4.7354709375
8.1316530915
8.9391257962
6.1263334059
4.0388388183
2.1979076414
1.9763205712
1.9205400282
0.0000000000
1.3270531263
4.6456684126
5.5153662616
3.7366513083
3.3645561371
2.3724489457
3.8525443541
7.5300260956
0.0000000000
1.3297225274
2.0838565210
1.8035462290
3.6549906977
4.0024659899
6.0824422726
9.9412017885
0.0000000000
1.3295736159
2.8123545296
6.9319623484
7.4884191923
9.9710959277
13.7834223979
0.0000000000
1.3368230997
4.3340851399
6.0080962875
10.1075011254
13.7203123142
0.0000000000
1.3239852718
2.8465046987
6.6209393593
10.3732113157
0.0000000000
1.3303210139
2.7887438032
6.9450639306
0.0000000000
1.3154710183
4.6380102415
0.0000000000
1.3201371141
0.0000000000
