76
15.0932051931
14.7211749531
10.9040886827
7.8563061295
5.4291144766
1.9215670688
1.8801481325
1.9889939668
1.9016419221
3.3450910302
5.1638446917
5.7704694783
7.6315143975
11.5714948905
10.9811112370
16.2258277447
14.9168533210
18.9307753935
17.2957591912
20.1920045810
18.0904031188
16.7506516888
11.1001002248
15.5878260832
16.5637623142
11.9666563835
9.6406109246
14.5812892091
13.3887481118
7.9422153710
10.9667009625
13.7241538173
11.3911343158
7.6197696816
10.1994478772
4.6473864698
9.4191594636
10.5718401899
8.5636503315
6.2654322277
7.1015106844
1.7558200363
6.3206358066
2.7592567840
4.3509698919
3.2180080795
2.0443272732
4.5028276671
2.3475761968
6.4360862331
9.5265367264
11.6543271792
14.2443295033
12.7358242764
15.2902042171
13.1024151972
15.8734296546
14.4997616877
9.4145329146
11.8417720802
9.5660502298
12.1764589680
14.6710537113
12.4828267231
9.4779973623
5.6958253133
4.7362528438
1.9510087135
2.6950595541
2.3073703647
1.7506450240
3.2189864865
4.3824161144
8.6456944776
9.8185586519
9.7278283805
0.0000000000
1.2991435640
2.4312410411
6.9026657170
9.0276254907
12.2177585506
15.8349834544
19.2850465646
20.4749327960
19.3201101705
15.3667958924
11.7053307941
9.6901535076
7.4633933971
3.7333734075
2.5402442796
1.8720325852
3.4939029752
2.7238076290
5.7523368295
5.8501269217
9.1939450727
8.5133675476
12.4775221098
8.8706702114
7.0332989415
11.8961305474
13.5974521510
6.6218445315
11.0125645061
14.6405033383
13.7823824138
9.8818383917
14.4604394816
17.3091888603
16.9373762431
20.1665110517
17.2771179888
20.6839201797
20.3362678975
14.8849768559
15.8170455522
10.3691340526
11.9349661080
7.8983827459
11.7952776144
14.7323502538
12.4643094474
14.9879188015
9.1589834589
13.4207749776
13.6430120208
14.0631262883
10.8665244674
7.9963017702
3.1596684953
5.5069852006
8.1624153901
7.6688424811
6.0984012659
2.3948465504
3.2924783978
2.1025731854
3.8320820711
4.5203408057
7.9653965375
6.0873644543
11.9627979169
13.9373298017
16.7732172823
19.0271085034
19.7548714245
24.6078591105
27.6602584587
30.5795006009
33.0310170143
0.0000000000
1.3242488437
3.1860477084
7.2031302223
10.5951527124
12.8585095559
17.1662453670
17.1260374868
15.0130963495
11.7018053735
7.5566143212
6.3571580128
2.7212357487
2.4135770135
2.7048345606
3.6084529926
6.9888486176
7.1821236414
10.6330883566
9.3319036107
13.0667155016
12.4324387793
15.4921484953
11.0781850499
9.0735947121
13.1577489716
13.9491686849
7.4101299584
10.6248746816
14.4535149012
13.6035572554
7.6713827958
12.2082656426
16.1438502842
15.3341911753
20.0041797132
17.7053250182
21.4404293101
20.7557968288
15.0679232146
16.7123637466
11.7594088287
13.1161421920
9.1986207662
13.6004284124
16.3026112632
15.9934858614
17.8125623648
11.9743494604
17.5341996396
17.5874718195
19.1632780599
15.8725961645
13.4315534842
7.3867092809
11.8018484145
14.2116657363
12.5522324309
10.8329826456
6.3616044360
4.9528864312
3.1712699349
1.8567872791
3.8437057640
7.0669723362
7.8350883211
12.2869921869
13.4153278752
17.1197347526
18.2184792450
21.0796078000
23.6065308125
27.7419647466
30.9671050794
32.7662620847
0.0000000000
1.3115128669
3.4455980613
7.1274209922
10.2277999589
13.6787053115
14.7446817531
13.3284747064
10.4169078905
5.7279891760
4.0118556804
2.5622125205
2.0760329959
3.7935538747
2.3041686136
6.4336444571
6.4404815814
9.2636162485
6.7647098977
7.9816051644
6.8172597134
10.0662458742
7.9771354508
3.4018975587
7.4843880845
9.4491126038
5.9545512845
5.4958206848
10.1860654818
11.6121709426
7.5028161380
10.5328225087
13.5650870620
11.7715960685
14.5452105176
12.5802843370
15.5941970617
14.9897094368
9.2776435047
10.7939600703
5.7319249821
8.1923638835
6.7568056062
10.3237299945
12.5534163478
11.5617421265
12.1233430208
6.5834450708
11.8895898163
11.6317318573
13.8660256022
10.6312860464
8.8917320585
3.1397748327
8.5468118032
10.5071273429
8.5507055264
8.2270133098
3.0084688797
3.3790403963
3.4281836299
2.8551521851
2.6977368293
4.1688839034
2.4424285046
7.4100972328
8.2020493781
11.4746805620
13.3318515593
15.0297666316
18.9657937878
22.2144579272
25.2979283934
27.5299707773
0.0000000000
1.3290440173
3.7414360879
7.3169566078
10.8509112060
11.6726730443
9.5919354668
7.2858063384
2.3121012089
2.5810962787
2.0490517319
3.6793332276
7.6018359625
6.6361080461
10.8292048185
10.9531892159
13.8589493108
11.7558944364
13.0888397500
10.4847377650
14.4664001396
12.9586929511
7.6540882540
11.0529580204
13.4351965375
10.0370731292
6.9064545173
12.5496142172
13.7346965747
7.7164759444
9.5453228861
14.0920217854
11.0176498855
15.8572194914
14.7608795131
17.5845370994
15.2061671699
11.0042257338
10.5718950052
6.5219185827
7.4490455764
6.4963092599
9.5398307637
11.7058310256
12.0441485793
12.7453036841
8.3531537158
14.6188063466
15.2604968137
17.8628838377
15.2535132019
13.5758325343
7.9283754956
12.9346405439
14.7209041502
11.7755357840
11.0599913653
6.2353092145
6.4759901173
5.6182021146
2.5320043444
1.8939094487
1.6469960534
1.8769576447
5.6051186428
7.0544875080
10.5808855017
12.3596784343
15.8279037462
18.1554259658
22.2597545809
25.0359389878
26.5643328732
0.0000000000
1.2873247454
3.3176056125
6.7386491970
7.9412577090
7.4817958406
4.0387961078
2.5588645920
1.7491626568
3.5749671327
2.2730002200
7.3323099362
6.4143790814
10.8177689937
11.8055333213
14.1432112337
10.5767131473
10.2390328645
8.2807795527
10.5468435562
8.9292692310
4.3578262930
6.4664519638
8.9096542020
6.4298806365
2.3550702750
8.0479769508
9.8356926040
6.1552229042
5.8565391658
10.0822377476
6.0657287279
10.3356975575
9.5043934052
12.2681764334
9.9871855895
5.8172533038
6.5703297482
3.2780276082
5.6754155795
7.2920766589
9.8792056867
11.6259090827
10.6673386559
10.4463770275
6.8429821715
12.5364688409
11.9655896637
15.2342670647
13.0929948828
12.4257643226
7.1521690416
13.0613125680
14.3528697131
11.4081993759
12.9738564043
7.2251837347
10.2671114730
10.4558837981
8.0716075846
5.5825092029
3.7293658978
2.5462888681
4.0680936567
2.5748883471
6.5503229691
7.2462250172
11.1290185551
12.9252652197
16.8281904553
19.8964505629
21.6170124902
0.0000000000
1.3522388842
4.4334837318
5.5974009147
4.1925413534
2.9515887247
2.1828907439
3.6669600489
7.3135900897
7.3260604011
12.1023195711
11.2542849173
15.4387396830
15.4665293133
18.1424679137
15.1094361907
14.8056552033
11.6222940076
15.4002221088
14.3885508999
9.0994915792
11.0425715302
14.0748950263
11.9523330777
7.0652916430
12.5325656591
14.4948986199
9.6479645522
8.4522893348
13.3612114720
8.3045391203
13.2709073541
13.1445615370
14.7689313087
11.0134340694
9.1102162982
7.2101399432
6.1477887081
6.6435370098
7.6577381778
9.5392235533
10.6446341882
11.4746427831
11.4849913365
9.1619262713
14.8535709175
15.3142528385
18.6192741803
16.6967581883
15.9514513760
10.8960030745
16.3559499266
17.5040528164
13.5505431625
14.5316223802
9.7792798303
11.8881373646
12.5549896854
9.2266683044
6.9685260278
2.8191104980
1.9334024413
2.4683437767
1.9486503021
5.6061324458
7.3453193940
11.4179326500
12.7813807548
17.4360056779
19.7879115371
20.5945721247
0.0000000000
1.3157461761
2.2767364801
2.4574663782
1.9376609611
3.0788052878
3.1642280259
7.7675279208
8.1741075966
13.2676783953
12.9685899773
17.4323436749
18.6381357973
20.5922083323
16.6262678314
15.7184246984
12.7832514643
14.5644594819
13.7732701273
9.7707004355
9.7234286134
12.4304199044
10.5557752913
5.5645438268
9.7199712448
11.7477191403
8.1366944148
4.6505063165
9.0255302891
4.0526872566
10.6308854758
10.9925760857
13.0926585154
9.3360465402
7.1862664855
7.2455502207
6.7329937621
7.9070920698
11.2645762459
12.7662734187
13.2633964730
13.0384517869
11.9919602234
11.6100472437
16.0873397739
14.9381036614
19.2818945646
18.4243599617
18.5947018261
13.5383514875
19.6824463165
20.5159205984
16.9737951561
18.6394762265
13.6213275051
15.9856952617
16.4127292672
13.0570411656
10.9289045197
6.6580634572
5.7510458179
4.7780056509
2.2704726380
5.0794543998
4.8833351308
9.5927123901
9.6502822239
14.5684717455
16.8062193548
17.7511843549
0.0000000000
1.3462321494
2.6504493959
4.6640113636
7.2341644991
7.9992032728
12.5722495203
12.3801990695
17.7254323784
16.8832764593
21.3566236564
21.8655621469
23.9904327181
20.2560423084
18.9399255806
14.8390694115
17.6248455596
17.5614725465
13.2652279664
12.0073560787
15.9053437875
14.8095950316
9.2531701054
13.0878079906
15.6724964189
12.7927128085
9.3889269887
12.7541449341
6.9002119533
11.9252639803
13.1304920319
12.8244723478
8.8381963658
8.4539473620
5.8423067362
8.4649646189
6.7684757516
10.7768393326
11.9434348075
10.8994853548
11.8760455961
10.3464009685
12.2888581243
16.4273529517
16.2288946635
20.4858285651
19.8246854704
20.5516377206
16.6109706821
21.9713020552
21.5988807349
17.3976864554
19.8830290700
15.4138106255
18.7760482530
19.6428011241
16.1115690732
14.0749670337
8.9306932542
8.0875272488
4.4877550067
2.9319346855
2.3579079711
3.6680280806
7.3537002251
8.0096467463
12.6352273822
13.5413820934
13.5405160168
0.0000000000
1.2971137190
2.7435404134
6.3867235732
6.8694689023
11.8032043954
12.9987349000
17.6982015470
17.9965327216
22.5659102409
23.4140043777
25.6755162168
21.8411325027
20.7926531737
17.3134053554
19.4971240187
18.8438903892
14.9299096447
14.5330173742
16.9173256161
14.7884529617
10.0639899145
13.2448412977
15.3095636450
11.9629890078
7.4266464168
11.9675528409
6.8086784327
11.7509109009
14.6382126300
14.9291104558
10.1627990731
10.7267977514
10.7648655356
10.8327321577
11.8207243856
15.0107683348
16.2762226883
16.5550870128
16.7718838835
15.4502056944
15.7646709132
20.0162606148
19.0775820795
23.6095537654
22.9409026849
23.2034008068
18.3837830166
24.2123856322
24.7456354738
21.0379541306
22.8173898814
17.7756769210
20.3749557055
20.7752854132
17.3198812352
15.2928681744
10.8714915260
9.9307204673
8.2491330454
6.0020130790
7.0909858976
5.4992695879
10.4675483758
9.0550217007
14.3952724531
15.2039562614
15.6134685768
0.0000000000
1.3082587665
3.8895045957
7.1864215017
10.1001061876
13.3860336919
17.3414809633
17.9552095226
22.5489892900
23.5789374230
26.0978717332
22.7215060460
21.9319264544
18.5373211387
21.1172206741
20.3663139768
16.0804806520
16.1828910273
19.0706747128
16.3873549421
12.0678430964
15.8758930143
17.2899989011
12.5123069815
9.6017882709
14.8411888338
9.6327713562
15.4724887462
17.0488804911
17.9993340432
13.9094967558
13.0085313929
12.2007399776
12.0025653091
12.3813565493
14.9443889136
15.9223936957
16.3888045934
17.3135984417
16.6504464204
16.5426903193
21.1733145492
20.7363503057
25.0275118020
23.9215224850
23.8652773083
19.0557263309
24.6062571311
25.3816095037
21.2757980814
22.1464830842
17.9607196682
19.1802511454
18.9344150689
15.1653869717
13.9579683694
8.9105518348
9.8734746164
7.7266146533
7.4420800184
8.7305961423
9.1594618292
13.5753178968
13.3167164872
18.4595735054
19.5551772684
19.9066697617
0.0000000000
1.3201272666
2.7829270562
5.4037606350
7.8605222473
11.6126714842
13.3740441528
18.0249393342
20.2678130295
22.3246737714
18.0287084951
18.5593111133
16.1827776664
17.2798566545
15.3169827316
12.5705569487
12.6305064823
12.9948639470
9.8616784575
7.1993337192
10.3183608194
10.0900002973
5.1250109268
2.5322482106
8.2102590093
5.7626836630
11.9245974775
13.9956952310
16.3065036718
12.5899894758
10.7612580120
11.6008769496
10.1157490084
11.5467379376
13.4038559378
15.0487561280
16.1393952179
16.6252989447
16.2861411636
14.4182800985
19.6367715014
18.8857672865
22.9129671802
21.5212360937
21.0915471931
15.9009917301
21.6295515904
22.8922980279
19.2984873500
20.1374929174
15.3002992128
16.7099505086
16.6885696811
13.3356518401
11.5117512569
7.4957005010
7.6857183789
7.4594655305
6.3339291123
9.7321975422
8.4813284337
13.8520530247
13.0068510409
18.1784035328
20.1582055501
20.9708545129
0.0000000000
1.3330690155
3.6861026844
6.3572831461
10.2223082521
11.0743408833
15.3945864511
16.5983315125
19.0852703937
16.1929344160
16.7298184688
14.4488282570
17.4107347634
15.4307194907
10.9436881352
12.9768964317
14.5070199903
11.3635472455
8.1795673480
12.3566329556
12.9191175395
6.7822477100
6.3032134662
11.9938338741
8.9625031102
15.3652939445
15.3754884800
17.9499450974
14.6459050250
11.8969688997
11.8479894497
9.3383256529
10.3682459462
10.2852610079
12.6385357934
14.4125035993
15.2664778846
15.6821950632
12.3782314165
18.3146965304
18.3461505499
21.5552214324
19.3421039445
18.2215063318
12.8330028832
18.2116895976
19.7332725365
16.3166749370
16.2669090180
11.5303637844
12.1535894286
11.5488596840
8.0630933270
7.0639734569
3.8532679637
5.5988771196
6.7668842165
6.7487923364
10.4208821604
10.5509374465
15.2617955038
15.7544244262
20.5852431611
23.0825221326
24.0133909934
0.0000000000
1.3140738183
2.4630511566
6.7279582341
7.8767413313
12.5616257308
14.6318711380
16.6041275892
12.2313886783
12.3726864504
11.0450965138
11.2979099395
9.1259855906
6.3773639539
7.3456051487
7.6862681452
4.5993987651
2.6872240323
5.9014685460
6.8404797346
1.9861794984
2.0514996953
6.3019979372
4.8644081860
10.2505477902
10.0413700260
13.1951492981
11.3318809118
7.0552707957
10.4062063212
7.0076615929
10.5226833555
11.2032630961
14.1808011410
15.8104911372
15.6765402114
15.0516824309
11.5044084159
16.4335175784
14.2829211998
17.8760490322
16.3453147110
16.1048922381
10.7045973768
16.7464290522
18.4097242511
15.7692808650
16.2149986432
10.8816736764
11.7235989355
11.3338324057
8.6211062515
7.2584654714
6.1045050577
6.4691784641
7.5055676667
4.8529614670
9.5260012072
8.4536778978
13.1292452944
13.1435613134
17.7180366858
21.0354900347
22.5254907605
0.0000000000
1.3236502559
4.4427118970
6.4184018260
10.8171514735
13.0298790478
15.1021280620
11.3883189716
13.5940754007
13.4850673710
14.2417388686
11.2322429639
8.1122438326
11.1921162431
10.8591659440
6.8731146506
6.8839490120
10.2037367665
9.3333998629
2.6310380081
6.1032848533
10.8673785708
10.2873126228
15.5092960833
14.3098104460
18.1002909921
16.7903508897
11.6618235710
14.3570680503
10.0924092763
12.7648697212
11.7401438237
14.9898412266
17.2080605241
17.1618221643
17.5418740447
12.7324131256
18.3501843587
17.4496620311
20.0357856098
17.3873994893
16.3588362972
10.1721602917
16.2039794186
18.0920900396
15.8066670111
15.7944972063
10.5743732202
10.7530500324
9.7331295584
7.1864122481
6.9277915673
6.9057533260
7.3454903853
10.5484396476
9.5264604655
14.0460544282
13.5998613964
18.1308971096
18.5897805528
23.1119347091
26.4548587031
27.8643234441
0.0000000000
1.3108470544
2.2824024623
6.9478536254
9.3360528062
11.1902870830
7.2606536207
8.1968357919
7.6386290000
8.5884667433
6.2558418298
2.5432571636
5.4111393440
6.1570461262
2.6478700874
2.1728828777
5.8410606057
6.1105035799
2.7188412973
5.6440908923
8.0667667625
8.1979644425
11.5105806109
9.4669921306
12.9713523196
12.6929296067
6.6545799266
10.7189808284
5.6272063229
10.0553468861
9.9450829056
13.5778131523
15.5475266522
13.8649005045
13.8331711838
8.2698126944
12.7315172309
11.5082642479
14.3228634358
11.8590003795
11.1640122268
5.4863421330
11.7239760320
13.4459902573
11.5801050513
13.3216381500
7.5324788085
9.2009667970
7.6088756725
6.8131767187
6.8921765793
7.4449154461
4.7158790273
9.0136275162
6.9533411393
11.2685788811
10.8165468612
13.5510729096
16.2144940408
19.5819821264
23.0344264309
25.5234871246
0.0000000000
1.3247479005
4.6633880388
7.5934544181
9.2143634615
5.1175866383
9.5343049039
10.8143182864
11.3283215438
5.7792208817
6.2361990828
9.7303395624
9.4653116695
1.7765421470
7.6669945872
10.4062237627
8.6699223757
4.7935228173
9.8853014623
12.3723760046
13.1106560095
16.4667706913
13.8572348613
18.1981446582
18.3429485362
12.0097590317
16.5710636351
11.3287201837
15.4166887171
13.6735108147
17.4451317278
19.8995045164
18.6873126211
18.7359499893
13.0092576652
15.9014559711
14.6146342411
16.3961162779
13.6336787772
12.1028202498
6.6078396621
11.8620214550
14.3245081242
14.2252602788
14.4716549848
9.5057679858
9.7205628438
7.6841299442
7.4136774276
9.1680470112
10.8023571965
9.4634428196
14.1060300227
12.3869538225
17.0826759028
16.3047293139
19.4518952033
21.4503468270
25.0345296341
28.6569738982
31.0562475035
0.0000000000
1.3146794286
3.7409541564
5.7355646627
2.9520452232
6.3916843633
6.8592390977
8.7904246769
4.4377117978
2.3341186774
6.9468537483
8.1281277672
2.5189950377
6.4036847986
9.6389726631
9.5149857068
7.5418979707
11.2636158049
13.3657172273
12.9992635176
14.9171677607
12.0559298687
15.7705869897
16.0704863959
10.0395621916
13.1934208983
7.3250079863
11.7999766525
9.7543954195
13.2847111372
15.6112963267
14.1902193781
14.3447695346
8.4702680595
11.9044940674
11.2579748623
12.8956472501
9.8081041491
8.0058544828
2.4207777676
7.8147694144
10.0897965292
9.3683066773
9.8714616446
4.8797800155
6.9590483545
5.8875618893
6.3368640509
6.5950193328
8.8929432698
5.3739025856
11.5153936103
10.9798463559
14.3428477298
14.8789740574
16.0914825296
20.2828511309
23.1856285444
26.5064462726
29.2923526539
0.0000000000
1.3189787716
2.4149223590
1.8320330237
5.7068755900
7.3958058384
9.9717467878
4.8408073707
5.4997021738
9.9823701594
10.5835773725
4.2668496575
10.5608068347
13.1826469269
12.7443827234
11.5907836663
15.6392226789
17.1145181936
17.1471885451
18.3520877831
15.0908674701
18.9677898027
19.7830741797
13.9785056068
16.6268591742
10.6915875809
14.9059858446
12.3919333036
15.6227968687
18.0712806962
15.1672483332
15.6045513873
9.9444032501
11.8739778507
11.0736652469
11.3291361542
8.5861850085
5.3865777633
2.5208454931
5.2731532312
7.8710285859
9.1402271854
9.7257715889
6.9322655027
8.0238911383
7.3846189475
8.9986322294
9.8489634988
12.9768888028
8.7454462436
15.0580555186
15.2906218317
18.3437727853
19.1480243628
19.2749097793
24.3142917232
26.5619840185
30.2762433106
33.3521688950
0.0000000000
1.3224193737
2.5807913515
5.7181600187
7.0280521484
9.7875288505
7.6780118520
6.9010931018
11.4259592158
13.1068081164
8.1236243759
12.7880263919
16.1217633651
16.5476108850
14.9014983475
18.6806634786
20.4315354538
19.3005702506
20.2884679067
16.4756800770
20.0046416114
20.7089010090
15.3711792976
16.5165709214
10.8394753563
13.8394537826
10.0988460232
13.4770135045
16.3405076115
12.7013280014
14.2620655587
8.9915669936
10.4477719634
10.2390200215
9.2617032451
6.7677938060
2.6014813088
1.9609918409
1.9748037877
4.5064205308
6.3575260912
5.8492640563
4.0661202638
4.4673502213
5.4568800610
7.9246729270
8.1158364326
11.7200692831
8.4129115650
14.2476686163
15.9223384275
18.2264835062
20.3036791001
19.4279052396
25.3899904293
26.9560185116
30.7110388948
33.8328282590
0.0000000000
1.3347576559
3.6861357815
6.8965640721
8.4048637110
6.0383135063
6.9420996103
10.6870754653
11.6118486470
7.9009025434
13.5102457787
15.5922855926
16.0119248999
16.2019320144
19.2185533795
20.3317055113
19.0857949533
19.3676376722
15.2301237355
18.9578706874
20.3253732315
15.5493034249
17.6353151659
12.0838037058
16.5036198757
13.1128163260
16.1825166770
19.0882888180
14.8178865227
15.6936600575
10.9169269028
10.4739990453
8.8398733023
7.8078053254
6.5353923371
2.8629462098
4.2413245573
3.9188031336
5.7679027384
8.1414695234
8.7669800958
7.6933510254
9.0564454396
10.0760988979
11.8275584547
11.6582065945
15.0667488198
10.8986712952
16.9508432239
17.1328752403
19.8277141648
21.0448401990
19.4333345826
25.5098958446
25.9924650043
30.3861870099
33.7801877141
0.0000000000
1.3224148366
4.0661624414
5.9524688995
2.0712643482
2.9915228563
6.6221964634
7.5822084514
3.0842788460
8.9888114342
11.0986372136
11.5368564609
11.4385354832
14.7162864202
15.8112446379
14.7062926327
15.3480160933
11.6286085152
15.4752864271
16.5757000455
11.4103284352
14.3599626044
8.8211789461
13.4340020470
11.4086182774
14.6001071914
16.8384784942
13.0414327817
12.6390152306
7.8729627206
7.8351340767
6.8360349619
7.1233518796
4.3126385195
2.2877434297
2.0853136455
4.3755880748
5.8889392084
6.6170526672
9.0077750305
6.7322098155
9.8998481301
10.4142719861
11.5312589512
10.6865738663
13.3022266181
8.0629153536
14.2768986128
13.2812814141
16.5032427420
16.9672323318
16.3030324173
21.5623845156
22.9565205987
27.0397079496
30.2892056515
0.0000000000
1.3336135122
2.7501625407
2.3134571533
2.1852718366
4.5622280741
6.0765745285
5.8362068161
8.3834888919
10.1540918353
11.4981871180
12.5294598846
14.3686201495
15.2167333551
13.1496186256
13.2959601007
9.2787747575
12.9699154585
14.1756889427
9.5514515127
12.0911486634
6.8813170978
12.2020281511
11.5072853880
15.1243137034
16.5658272356
12.7973530857
11.3091501891
7.1915510149
5.6228521233
2.7242044710
3.4207807588
2.3602262603
1.9071027765
3.7906624751
5.9780485110
6.0019541818
6.3993108223
10.0489772614
7.8000169872
12.9141793003
13.7369135180
14.5497862871
12.5806043178
13.9370768097
7.9872280548
13.2200109304
11.5706688225
14.5216293163
15.1267098868
13.4789473254
19.2963172911
20.0890496789
24.3740377246
27.7049112253
0.0000000000
1.3119306384
2.9199905822
2.6140782314
2.0368254712
4.3374864841
6.0684932232
6.1228151205
8.0617040382
9.9924630597
11.4397560289
12.5359913050
13.1364675998
10.2339288155
10.0559469967
6.1338330594
9.0945712378
10.1875921100
6.3898478073
6.6847083706
2.4118188157
7.4029827097
6.6192344724
10.1676655138
11.7045330535
8.1894972373
6.0463861107
2.3971687467
2.3359300075
1.8194158403
3.8857650469
1.9355043270
3.3164236762
2.3871929122
6.1704727534
5.4837706918
2.7889442447
7.7316048140
3.7598394913
10.0095705203
12.3543120003
13.1111910595
9.7430092374
10.2273627099
4.4697451829
8.7834938379
7.8700823376
9.8469782675
11.2729788876
8.4832276876
15.1315236510
15.8897584626
19.6520204050
22.9991873987
0.0000000000
1.3230045351
3.1632066009
2.6275155566
2.1954108955
4.6286706515
6.1825354831
6.7295005758
8.0560101787
10.1611315315
11.5547125451
11.8349732995
9.1017908677
8.9179892352
4.7942037921
8.2719271636
9.8451186382
6.7146259017
9.4582345076
5.9979118033
11.6491156746
12.2524297182
15.9071346257
16.5462707279
12.8357245997
10.3905131731
7.2247301680
4.7729795726
2.0280093688
4.2615259004
4.2801505815
5.7676794294
7.0686160597
9.7763918191
8.4978761464
7.2934171689
13.0727673046
9.6778495029
15.5478026100
16.6045871373
17.2475915420
14.7325800184
15.1203282041
9.2081690362
12.7621105621
10.0245106115
12.5955631077
12.4142644567
9.6567278620
15.3907806495
14.7478618789
19.8639219441
23.3049251018
0.0000000000
1.3251528214
3.0621988832
2.6034945746
2.0139071478
4.3737605101
5.8907851769
6.6319817551
8.1087474988
10.0017678437
10.7493502594
9.5930575418
10.4579882387
6.8791226912
10.8245307058
12.2336626568
6.9826048864
11.9836022130
6.8190244170
13.1416593321
13.3801712246
17.3094106485
18.4350930022
14.7424523401
12.6934529975
9.0526738591
7.3602573325
4.5398691611
6.3758622162
5.8714755386
6.2810601016
5.5765182686
9.1718072919
10.1682836801
9.2741450280
13.6248323659
9.9997662473
13.6316630313
13.0412025519
13.8121752813
13.1668516358
14.6619127674
8.9379499327
13.4520567201
10.4737736275
14.2277155229
13.1177714952
12.5771091671
17.3279766851
18.2001682135
22.7535695002
26.1188701517
0.0000000000
1.3277059162
2.9899774247
2.3364430231
2.0727665088
4.3052700264
5.9963263754
6.6145955281
7.9966164095
8.9907357319
7.8349606891
9.1176721810
6.3456942095
10.0749047638
10.7173398752
4.8055364945
8.5428043405
2.6912890963
8.1348735700
8.0057907792
12.0002088315
13.6010930075
11.0174713977
10.5808860215
5.1209444441
7.5980710052
6.2279841843
8.4054270564
6.5397531299
5.8927597949
1.8472544492
7.6930229429
9.0996244977
7.3961647494
10.6939621282
5.6274658595
10.2879090684
10.6112611880
11.0054407454
8.9797891957
8.9448175498
3.1536025431
8.4295235927
6.2785690249
9.9174729644
10.0936086708
10.9724242080
15.1598669519
17.6709071074
21.3000857041
24.1791982704
0.0000000000
1.3171032609
3.1203618380
2.5971409280
2.0216325086
4.3532693461
6.0323852662
6.7930327542
7.0406250433
4.6724602727
5.4181658336
2.2411936552
4.9747512501
5.7976645298
2.1514137213
3.6429940983
2.7254430832
7.0878708369
9.7280236945
13.1824993837
12.8629754723
9.3562117868
5.0626460473
4.0235055611
4.8929898835
1.9816298847
6.8986702342
7.9100489885
8.7297235351
6.5315611457
11.6798949482
11.5124585558
7.9828909550
14.4112077912
9.4371988959
15.0878510398
15.3263713579
15.4011233681
13.4003395852
12.4153177164
6.8888216699
7.6109006694
4.8979327272
6.8986556661
7.3179826455
4.3834033581
10.9100088909
12.0232034833
15.6427441646
18.9868845259
0.0000000000
1.3247131765
2.9811160662
2.6529264973
1.8950907630
4.3119082782
6.1683466991
6.4338391338
5.8385340626
6.3806515341
2.9491297021
7.6929812817
8.9576989791
4.3361095466
10.5470337536
6.4456226231
12.8749313396
14.1896211718
18.1429786143
19.2464341113
15.6649813597
13.2104943511
10.3302656791
10.2670768966
7.3672044902
10.2372410834
10.0248074794
10.5566819598
8.8528128863
13.6574078434
14.3353372126
12.3432443871
17.2189485451
12.3857037345
17.1358933820
17.0758111081
17.2115025782
15.5849174204
15.4183100890
9.5598663171
12.8812332096
8.8377291767
12.5085485169
10.6790390953
11.1592652536
14.0799652343
14.5903902964
19.7670805887
22.8358982306
0.0000000000
1.3339580203
3.0943058996
2.8750737382
2.0416047610
4.2283129023
5.5094065924
6.7961504545
9.0459546760
5.8308940995
10.5517396196
11.3421338821
5.3638687531
12.1464884637
7.0918893110
12.9421779465
13.2937402938
17.2693578630
19.0054235680
16.4755799291
14.9911928812
10.5217858275
12.1655556799
9.8067458925
12.3756780016
10.4616588073
9.6451677020
5.6916852513
10.9061351541
13.1211329922
12.2933899312
15.1140688433
10.0442396427
12.9417425797
11.5253548752
11.6131596476
11.9502204582
12.4740062931
8.0908591015
12.6884977046
8.4240304487
13.5504450111
10.9033566391
13.2370032107
15.3022684266
17.5833991310
22.1774032069
24.8951832691
0.0000000000
1.3090462177
3.1420798844
2.6891608357
1.9715126173
2.9224361413
2.7321650755
5.9948141756
5.3852158731
8.6768681562
7.4791709434
2.3032980702
6.9039828360
2.6201795740
7.6372768052
9.4166559351
12.8736309175
14.2155958721
12.0534106791
10.8533397625
7.1291857179
11.0787702386
8.7262469596
12.6392517579
11.7561240637
12.1679451018
7.4439639978
13.8363447847
14.9192984084
12.0126077935
15.0400054521
8.9791472869
13.0853095493
13.4544315748
12.5747335956
9.9075830050
8.9977838383
4.1938264151
7.0596482915
2.7415568570
7.3815675165
5.3736187062
9.5675954659
10.4646579495
14.0978229170
17.7624544757
20.0632970620
0.0000000000
1.3113279529
2.9371811316
3.0229794905
1.9535511255
2.5724360050
2.7738229936
2.5763687624
5.8552176732
6.9820331566
2.7729047946
10.4147972136
7.5091079364
13.1453092775
15.3970066571
19.0301161321
20.1297132369
17.1790456079
14.9239116186
12.1762606740
13.8933979285
10.5274302182
14.4080739865
14.1831425996
14.5935257220
11.4015016993
17.1262034906
18.3362835384
15.7207085400
20.2073725407
14.3595831764
18.3553459515
18.1118699200
17.6808745824
15.7222526376
15.0984867454
10.1933109930
12.5795055547
7.1711515114
11.4610014833
7.8062670336
10.8704806241
10.8261650643
10.1094633883
15.9674156018
18.8304241588
0.0000000000
1.3467401383
3.3896191526
3.7159829117
5.4257203208
7.0869599265
5.5655455258
9.8945422330
10.5775684351
5.3457554190
12.9970734013
9.9598448783
15.6783712802
17.6609166806
21.3427674400
22.5824936843
19.7217683284
17.5187464163
14.5186495929
16.0206613159
12.6807236781
16.1740897116
15.8366538132
16.0309513442
12.9603010382
18.4914724130
19.9686873379
17.8127285670
21.9475905967
16.2748285091
19.3357996990
18.3369780226
17.8989641320
17.1031937076
16.7852267783
12.2895528397
15.0647172559
9.6613761960
14.1638602436
10.9230173029
14.0269713766
14.0876113660
16.0654937677
20.7524551319
23.4570700856
0.0000000000
1.3043465797
3.2288056615
5.4054059977
8.7742407649
7.9029267363
11.9186224036
11.7695020285
6.4479163301
13.1482678707
9.5660512752
14.4047621292
15.5487277293
18.5597157306
20.3300068618
19.1346109446
17.9366753887
13.8932806781
17.4710531738
14.4755030655
18.0490018007
16.9430000295
16.5513671037
11.5690129225
17.8139305601
19.6285680069
17.7978261875
19.6894197731
14.0011849856
15.3860937538
14.1140750317
12.3544508984
12.0801130789
11.4944456587
10.3727788466
12.6364977347
7.7554051474
13.4689059318
10.5251277427
15.1198163018
14.2400414676
17.8731585905
21.9133180053
24.0340255679
0.0000000000
1.3236102145
2.7966710568
6.0375128985
8.3303743613
11.2343269046
8.5890433693
6.1466060554
10.7482220855
8.7075767008
12.9033540601
15.5061440081
18.1891136123
19.4146464557
18.0695316486
16.4354735253
13.9926622914
17.9141770394
14.7963077151
19.1269066501
18.5413091771
18.6746901179
14.1190613357
20.3993903830
21.7717126106
19.0365319583
21.3185304606
15.4757082875
17.9374063064
17.6605084298
15.5646406961
13.7050921194
11.5872076446
10.5100642244
10.8966252574
5.5832297105
10.9434593251
6.9994526215
11.8657843399
10.2119179883
14.4612719358
17.7041207068
19.7809714878
0.0000000000
1.3441536371
2.5671355632
5.8385725139
8.2336577534
6.3883178537
5.5847443988
11.4919363033
11.1243429019
15.9391135575
18.8106090013
21.9961299551
23.0456246173
20.5577902752
17.5365734395
16.2293949672
18.4804586794
14.7253457005
19.3511969914
19.2876614705
19.6161409049
15.8359302221
21.8151604395
23.1871261479
20.4903907723
24.2121434408
18.2635568825
21.4504909967
20.9776565183
19.6759010213
17.9637462964
16.4945971760
13.6283747380
14.6407196886
7.8099958387
11.8965259635
6.9646284897
11.0265940798
8.6693682584
11.5608384644
15.3267132158
17.6962368033
0.0000000000
1.3282488472
3.4130772039
5.6402100138
2.8017962096
2.0911178829
5.9386589395
7.3079839901
10.8426282330
14.7897006731
17.2924250179
17.7701051488
15.4632965761
12.2753382845
12.5774188528
14.2081213748
11.0226002831
15.7189702907
16.4458269783
17.3530584624
13.9765398794
20.1620593442
20.4896800121
17.1045823685
21.4384783742
15.3811412125
19.1241374446
19.3131236728
17.5488302174
15.0313511701
12.5694865846
10.2911360889
9.1263746910
2.3407154889
6.1061095634
1.9460971199
6.0577918419
4.8904293268
8.7978198436
12.4937307879
14.6875626637
0.0000000000
1.3101244216
2.7739614273
2.0319968012
2.4527476430
7.0121555174
8.3875876747
12.5813440856
16.2408483153
19.4804717345
19.3177819897
16.2245858807
12.2440150686
12.1852391441
13.0299884114
9.3637744526
14.4650340477
15.7460767812
17.2315116284
14.7540143012
20.3759595848
19.7515869489
16.3055545444
22.5458150662
16.9119028498
22.2067303762
22.6998448233
21.9781646413
19.1501591377
17.3477084366
12.7231610066
12.0156415975
6.1993448847
7.9822069630
4.9858991165
6.5914458202
5.2259403938
6.5944661649
10.9814028248
13.7047908047
0.0000000000
1.3107913640
2.5809738472
2.2036828265
5.5713204000
6.7848526145
11.1191097216
14.2004330216
17.7323785489
17.2200998255
13.8370422056
9.3413678335
9.0607494723
9.6333323414
5.6553983060
10.2682843747
11.7117312555
13.1026567153
11.7065207897
16.5966790052
15.7830908253
13.1283167619
19.3952755588
14.5738419094
20.1541144435
20.5608568888
20.4287496681
17.6766574046
16.1433103173
10.9412223266
11.0660992676
6.1170962883
7.6244927700
6.6920969808
4.3706524685
8.3977193928
8.9246314210
13.0484485285
16.3743761408
0.0000000000
1.3226806115
2.9140463277
6.1764446893
8.6919139434
11.3057923650
15.4894908244
19.0685465886
17.7155898011
14.7937814976
8.9391566157
10.0248498243
10.1337340107
6.1758337089
11.5253215573
13.2982727826
16.2214573020
14.9099681086
19.7712360261
17.7199257899
14.0051590494
21.6936286960
16.7831883443
23.0212081568
23.6612656889
23.4130912098
20.5147747246
18.6328263557
13.6598060382
12.3700164511
7.6435544742
7.4439954326
6.4455393878
2.9997974932
5.5288298943
3.4264516632
8.6279921766
12.0002945797
0.0000000000
1.3140414758
3.5017918271
7.1133371212
9.1279800066
13.5495881118
16.7460682848
15.6287920519
13.2714856365
9.0712409846
10.4615402786
11.6269365699
8.7613457300
13.9736861994
15.4170083350
17.6085611564
14.9155998203
20.4436792432
19.2915617564
14.9304465104
21.6011548071
15.9227822318
21.8189727073
22.8009475900
21.5629583545
18.4276768747
15.4122399410
12.1431815024
9.2494905265
4.6753666166
3.6513893246
2.2597446758
1.7635549325
2.4078806034
3.7950403160
7.5945002469
10.5154576220
0.0000000000
1.3311833082
3.1596116850
7.1847166263
10.7591600509
14.0915649237
13.5249063952
10.3094313131
6.2180796875
6.5471369315
7.8439323684
6.1395994169
10.8536726964
11.7502665927
13.2350145448
9.7243509809
15.7386952763
15.4853159477
11.0095483104
17.7649228819
11.7704821482
16.8731216436
17.3949227937
16.8029366779
13.9860302802
12.3124485380
7.4539692782
6.8327237614
2.3327481647
3.1552293102
2.3822153555
2.2580079716
6.1834519485
8.5257157471
11.6688445015
14.7179375253
0.0000000000
1.3314657337
2.3968752575
7.4524179969
9.6541954093
6.5099024570
6.2826395727
1.4219437401
4.9773200620
7.2098342561
6.9475902297
10.9832400502
11.5445305665
13.6137287692
10.8625689411
15.8500565299
14.6933434248
9.8650839834
15.9625472591
10.3131196056
16.3980865347
18.0559770436
16.3783526644
13.1505186590
10.1916989751
6.7461323734
3.4911148649
2.5097147248
1.8489678202
3.2682530502
3.0289300091
7.8186022408
10.6227127420
12.4410244353
14.3244115062
0.0000000000
1.3296052046
4.1303206897
7.7303918400
7.3719189496
3.8649727037
2.5541184389
1.8527225912
5.9245463961
5.5635834675
8.9704645365
8.2747854353
9.1398649881
5.0293129749
10.8807849441
11.0197964591
7.2842556929
12.1408852231
6.2550179856
12.0732638918
13.1329202389
12.1757906109
9.1179318379
7.0288646309
2.7040244082
2.4750323230
2.5888464613
3.6605789160
6.8162118512
5.4295024634
11.5562628475
14.0785612191
16.3306602745
18.8924550549
0.0000000000
1.3598047654
4.0553274837
2.9876736770
2.4251371095
1.9271401091
3.0598779387
7.4619427765
9.8510124353
12.4567682406
10.4930739538
11.4095379398
8.9255289479
12.9414402985
12.0237813520
7.5271248827
11.0020938916
6.3388233135
10.8241445851
13.3556128276
11.2605644619
7.5533624963
4.6695983767
2.8358171662
1.8156569059
3.7483963238
3.2397498360
7.4152731575
7.8604320492
12.0820510262
15.1236532954
16.5430510487
18.4350311635
0.0000000000
1.3106876058
2.8577954790
1.8940343186
4.0412344649
2.0747934837
7.7759677211
11.1201270227
12.9537730797
9.2201659963
8.3801946278
6.4540801049
7.8940154548
7.3671926811
2.9916445310
3.5317906223
2.8184124964
3.7659811471
7.4872565069
6.3366624496
2.3755422539
2.5661217820
2.1976853733
3.5881825483
7.6001157886
7.9221379690
12.3101755065
12.0416952710
17.3134976824
20.2697381828
22.0046548485
23.9775508549
0.0000000000
1.3014430452
2.5589482214
6.7068416561
5.3560302464
10.4635475342
14.4040283949
15.7834072367
11.6236494269
11.0001827712
9.3699007999
10.5299993352
8.9869700122
5.3014963925
6.7618585463
6.0160713094
7.9996586177
11.6553243627
10.6762103295
6.8599094746
5.0406446016
5.1169385378
4.2840552051
9.5926757998
10.0983314958
14.9211999517
15.6323575317
20.2244196208
23.5476856825
25.1871754669
26.7147099179
0.0000000000
1.3055179049
4.1893439821
6.5224091408
10.0135091252
13.6392291204
15.4597490924
12.0620916926
13.5031889937
12.2452287443
14.0825001331
12.0793363228
7.5446186120
10.6580389847
8.6851207245
11.7779479537
14.9948007656
13.3398977507
9.6159004259
7.4180254111
7.0538706396
5.0492290501
10.0618534078
8.6520425912
13.6822380479
14.0121986141
18.1102805334
21.4873739903
22.6134488745
23.9422633433
0.0000000000
1.3057564857
3.1905313037
6.2615327197
10.2064051458
11.6199298191
7.3781646092
8.8142887404
8.1733841828
8.4049262935
5.8802474438
2.4591807579
5.9133294344
6.3504723446
9.7838506734
13.8789332803
14.0124993131
9.6087824931
8.6633709375
7.0489197045
6.6188712784
8.8630064312
8.4806105323
12.5211187999
11.2670151327
16.8076011673
19.5831246485
21.1460179230
23.2830593780
0.0000000000
1.3106540352
3.7426287553
6.5051186000
8.8461397796
6.5689345407
9.5689674469
9.4050021797
12.2330719772
9.3895146839
3.8659884894
11.3338647424
7.8570843193
14.2275437796
17.5911907783
16.6651766567
12.3893164864
10.4334674486
7.5721419691
6.6367534985
7.2571973929
6.2095433810
9.2210019521
4.6926591609
11.1823136694
13.2198996214
14.4216582958
16.8667229182
0.0000000000
1.3340232382
4.0405910459
6.3729624979
4.8730949098
5.9528651085
3.6858635352
7.8096131786
6.4937034888
2.6257168545
7.2538289889
2.6954031238
9.1211953712
11.8640434086
11.3968954545
7.1968513949
6.7023045290
2.6007650797
5.5276766367
7.3317710684
7.6800765621
11.0101615792
7.4259241849
14.7669997968
15.7238560792
18.6178531523
21.8569629409
0.0000000000
1.3095411410
2.7915436590
2.3515382200
5.5419707686
7.1903556240
9.5164918431
6.1209660185
1.4332724793
10.0836779996
7.4420857963
13.8953745182
16.9031760921
17.5494377688
13.3086407270
13.1259167299
8.5137405998
10.4987925972
11.0326139242
11.3090274118
13.1142067240
8.1639536378
15.8440018303
15.7341258098
19.1689948876
22.5451992672
0.0000000000
1.3133567680
2.8630628704
5.8434703730
7.7998874992
9.9796890232
7.3237871351
5.1061688182
12.9284217521
9.7880508785
16.0322124799
17.8798300887
18.5365108367
15.3707084417
15.2839942751
9.4044608033
11.4201573982
9.4964925630
10.8385847785
11.2771234807
7.2159892600
14.0655567256
12.5054760005
17.2322327050
20.7956855381
0.0000000000
1.3280967585
4.1439247097
7.5727636303
8.7852417724
4.6755005080
5.9034943042
11.5362247291
10.5732278421
16.0789336089
18.4927329240
19.6691891292
16.7458659077
17.6120400295
11.8692083561
14.8873909400
13.9927988623
15.2183407768
16.1802940023
11.3167583256
18.9465082271
17.4467992193
21.8752837924
25.4150038757
0.0000000000
1.3095090683
4.4471650520
5.9844193536
1.5825236175
2.0979604381
7.3669524907
7.3319294186
12.5688784703
15.2297646075
16.3754822219
13.5600152286
14.3846571388
9.5171187867
13.2228561211
13.7286509898
14.8056500026
16.8364161270
12.6536983131
20.2813305777
19.5086769669
23.6334034155
27.1076526833
0.0000000000
1.3170474555
2.7464120230
1.8461335271
2.6557938550
5.3301258897
4.9480717456
9.5810590751
12.0503760937
13.5971535992
10.9267256761
12.9833412495
8.5101042884
13.0216068517
14.5371180431
16.0111730051
18.3160583642
15.8411023291
22.5345735038
23.0214978444
27.0481038337
30.4257861361
0.0000000000
1.3492705437
2.8197875807
2.3584024254
2.9702818048
2.3835800805
5.9604210422
7.0053090581
7.9462736550
6.2395321139
8.4120699593
3.4263684857
9.2430820076
10.2251089481
12.6261203067
14.5535200553
13.9753344504
19.5770127701
21.9249918814
25.0879974689
28.0214138651
0.0000000000
1.3207047361
2.8455962468
1.9287848506
3.2495387365
6.2462034869
8.5487572196
11.3551158955
9.0464572624
12.5010375169
8.8860750616
14.0278597797
16.3173447901
17.9005749070
20.5222183011
18.7820352997
25.3035069901
26.5673043796
30.1326462827
33.2508788906
0.0000000000
1.3025547973
2.7655621490
4.9598683450
8.8600748304
11.6404098725
14.0286127611
11.1702270344
13.4193785996
10.1353971308
14.0509400041
16.2730229828
17.1781396839
19.8938492253
16.6105162472
24.1512722853
23.9732266080
27.7777931809
31.1651208084
0.0000000000
1.3155367726
2.3210372681
6.0697219047
9.9573560246
11.7411904422
7.6132958041
9.2547190665
6.3997035869
9.7942394294
12.7659873884
13.1283309297
15.7724710493
11.7940594369
19.2311030625
19.7632611175
22.8798271410
26.1388604381
0.0000000000
1.3176061627
3.2381397437
7.0770192878
9.3584965673
5.3414283670
8.6338007853
7.6583654914
12.0320158328
15.8534754865
17.4654481191
21.1109577234
19.5916924741
26.2275443189
28.0552926558
30.7157749373
33.3874899326
0.0000000000
1.3030782785
4.5237690038
6.0210381165
2.4776573613
5.3476853872
2.3250759127
7.4464476094
10.4823553651
11.8731253678
15.2621176774
14.3686465960
20.4048996567
23.0143582139
25.4109549014
27.9406344058
0.0000000000
1.3309335070
3.4379461892
2.4296300130
6.0602691359
6.4421244943
11.3719828526
14.6130165948
17.1884037072
20.0166439495
20.8854214465
25.6539849536
29.1012717592
31.6368331380
33.7572323066
0.0000000000
1.3407736573
2.6617967616
6.7805423087
8.1088315434
13.1052064844
15.6277022303
18.6770174546
20.9224022043
22.4737777421
26.6121851978
30.0620132559
32.9689075646
35.0786786809
0.0000000000
1.3239052081
3.8970514495
6.9918173603
10.2500580486
12.9161810919
16.3910869682
18.8173536131
21.6373856092
24.5818246272
28.7047730177
31.3019147817
32.6630562716
0.0000000000
1.3062231815
3.4412568925
7.6632187102
10.2402684047
13.5608147617
15.8806423674
18.2345791835
21.6523873280
25.6069044010
28.2930927613
29.8880196400
0.0000000000
1.3378168784
3.9494554055
6.0720643936
9.3772831886
12.4222970903
15.9033388633
17.9759302958
22.3353693052
24.6055682519
25.6230067127
0.0000000000
1.2851657481
3.9000544868
7.0978068444
10.0052749088
11.8283913107
15.6520533158
19.3989196864
22.0235101880
23.5027926213
0.0000000000
1.3226265535
3.5296868133
7.3522191208
9.4292181012
12.5924773178
16.3310157982
18.4760253843
20.1097418681
0.0000000000
1.2935354653
2.3390818712
5.9195265858
8.0861364693
11.6701050981
14.6852424563
16.6095204627
0.0000000000
1.3123753274
3.8237565299
6.4022337508
10.3144532574
11.7298520877
12.7067656782
0.0000000000
1.2803226156
2.3044081670
7.2155876407
9.1337294683
10.2643868789
0.0000000000
1.2917635233
3.9225835874
6.2130718650
8.8724747393
0.0000000000
1.3240396520
2.8622978531
5.7961192189
0.0000000000
1.3277499765
4.6749522992
0.0000000000
1.3196768544
0.0000000000
